0 0.13628158844765342 0.1622596153846154 0.2184115523465704 0.27163461538461536
0 0.37815884476534295 0.1658653846153846 0.2184115523465704 0.27403846153846156
0 0.621841155234657 0.1622596153846154 0.2184115523465704 0.27884615384615385
0 0.8646209386281588 0.15204326923076922 0.21660649819494585 0.28725961538461536
0 0.8285198555956679 0.4729567307692308 0.20938628158844766 0.27524038461538464
0 0.6010830324909747 0.4729567307692308 0.20216606498194944 0.26802884615384615
0 0.36823104693140796 0.4729567307692308 0.19855595667870035 0.27283653846153844
0 0.13267148014440433 0.4717548076923077 0.2111913357400722 0.2704326923076923
0 0.13628158844765342 0.8052884615384616 0.2148014440433213 0.30288461538461536
0 0.37725631768953066 0.7980769230769231 0.20938628158844766 0.3004807692307692
0 0.6209386281588448 0.8016826923076923 0.20938628158844766 0.3004807692307692
0 0.8637184115523465 0.7980769230769231 0.2184115523465704 0.30288461538461536